Hubs		Lower bound		Best objective function
[0,1,2,3]		23241.502171407912		24115.26446995737
[0,1,2,4]		22749.029133435703		23578.07833769783
[0,1,2,5]		21930.16210487068		22945.099383640125
[0,1,2,6]		23524.408273892008		22945.099383640125
[0,1,2,7]		23061.43261305129		22945.099383640125
[0,1,2,8]		21672.125637485984		22583.775815732504
[0,1,2,9]		21011.64402355111		21923.57732889911
[0,1,3,4]		23477.280375018883		21923.57732889911
[0,1,3,5]		22338.538390912883		21923.57732889911
[0,1,3,6]		24196.19964773241		21923.57732889911
[0,1,3,7]		23759.097273408108		21923.57732889911
[0,1,3,8]		22258.353452311065		21923.57732889911
[0,1,3,9]		21516.290581111833		21923.57732889911
[0,1,4,5]		22632.58068817057		21923.57732889911
[0,1,4,6]		26693.721736721596		21923.57732889911
[0,1,4,7]		24735.792717796056		21923.57732889911
[0,1,4,8]		23927.518913616204		21923.57732889911
[0,1,4,9]		23046.600918847624		21923.57732889911
[0,1,5,6]		23814.004368541475		21923.57732889911
[0,1,5,7]		22215.748535517512		21923.57732889911
[0,1,5,8]		22980.382217456125		21923.57732889911
[0,1,5,9]		22735.972818321163		21923.57732889911
[0,1,6,7]		25259.995931855745		21923.57732889911
[0,1,6,8]		25127.39283108322		21923.57732889911
[0,1,6,9]		24149.120543613404		21923.57732889911
[0,1,7,8]		22861.036577085204		21923.57732889911
[0,1,7,9]		21982.6709524404		21923.57732889911
[0,1,8,9]		24383.75146070946		21923.57732889911
[0,2,3,4]		24200.478230779292		21923.57732889911
[0,2,3,5]		26986.81958040827		21923.57732889911
[0,2,3,6]		23434.002104186042		21923.57732889911
[0,2,3,7]		26843.7041645872		21923.57732889911
[0,2,3,8]		26570.875698793294		21923.57732889911
[0,2,3,9]		25906.360638722796		21923.57732889911
[0,2,4,5]		23137.841108667857		21923.57732889911
[0,2,4,6]		23045.11397408389		21923.57732889911
[0,2,4,7]		23949.606341775845		21923.57732889911
[0,2,4,8]		22649.695787874654		21923.57732889911
[0,2,4,9]		22073.0184049264		21923.57732889911
[0,2,5,6]		22220.59326811627		21923.57732889911
[0,2,5,7]		25424.678249801837		21923.57732889911
[0,2,5,8]		26508.30192354828		21923.57732889911
[0,2,5,9]		26295.288632990083		21923.57732889911
[0,2,6,7]		23269.40598390918		21923.57732889911
[0,2,6,8]		21922.6255441649		21923.57732889911
[0,2,6,9]		21193.745451822146		21923.57732889911
[0,2,7,8]		24998.00998427497		21923.57732889911
[0,2,7,9]		24384.068695368234		21923.57732889911
[0,2,8,9]		26424.222704297397		21923.57732889911
[0,3,4,5]		23447.528391859516		21923.57732889911
[0,3,4,6]		23897.413783880584		21923.57732889911
[0,3,4,7]		25125.219313256544		21923.57732889911
[0,3,4,8]		23524.091251011178		21923.57732889911
[0,3,4,9]		22896.656929320507		21923.57732889911
[0,3,5,6]		22706.492062485006		21923.57732889911
[0,3,5,7]		26004.651391713873		21923.57732889911
[0,3,5,8]		27168.379604508755		21923.57732889911
[0,3,5,9]		26830.272642541593		21923.57732889911
[0,3,6,7]		24091.11921247951		21923.57732889911
[0,3,6,8]		22627.517455216217		21923.57732889911
[0,3,6,9]		21785.205994756583		21923.57732889911
[0,3,7,8]		26003.716052082254		21923.57732889911
[0,3,7,9]		25401.921121414707		21923.57732889911
[0,3,8,9]		27470.371460646882		21923.57732889911
[0,4,5,6]		23084.444479511127		21923.57732889911
[0,4,5,7]		23598.53934720467		21923.57732889911
[0,4,5,8]		24456.160216096046		21923.57732889911
[0,4,5,9]		24212.00692338939		21923.57732889911
[0,4,6,7]		25146.57417702489		21923.57732889911
[0,4,6,8]		24380.59303628979		21923.57732889911
[0,4,6,9]		23399.426452260806		21923.57732889911
[0,4,7,8]		24256.13890556888		21923.57732889911
[0,4,7,9]		23481.004792107586		21923.57732889911
[0,4,8,9]		25844.703149765588		21923.57732889911
[0,5,6,7]		22574.35025745677		21923.57732889911
[0,5,6,8]		23418.272149663397		21923.57732889911
[0,5,6,9]		23064.123785473126		21923.57732889911
[0,5,7,8]		25592.28185976145		21923.57732889911
[0,5,7,9]		25355.316383941263		21923.57732889911
[0,5,8,9]		32300.237283460763		21923.57732889911
[0,6,7,8]		23220.848630357486		21923.57732889911
[0,6,7,9]		22242.23441645228		21923.57732889911
[0,6,8,9]		24938.5233408821		21923.57732889911
[0,7,8,9]		26366.800544522168		21923.57732889911
[1,2,3,4]		23269.105102537695		21923.57732889911
[1,2,3,5]		21869.507306005475		21923.57732889911
[1,2,3,6]		23941.2789765384		21923.57732889911
[1,2,3,7]		23827.40784676695		21923.57732889911
[1,2,3,8]		21724.784542606485		21923.57732889911
[1,2,3,9]		20897.89945004134		21643.078612116027
[1,2,4,5]		21495.805866423896		21643.078612116027
[1,2,4,6]		23611.216643898413		21643.078612116027
[1,2,4,7]		23175.998884567525		21643.078612116027
[1,2,4,8]		21278.88166384668		21643.078612116027
[1,2,4,9]		20539.834248403782		21199.788439588796
[1,2,5,6]		22109.863279158148		21199.788439588796
[1,2,5,7]		21697.719817979218		21199.788439588796
[1,2,5,8]		21332.94965597776		21199.788439588796
[1,2,5,9]		21224.15997237179		21199.788439588796
[1,2,6,7]		23801.858160307664		21199.788439588796
[1,2,6,8]		22013.644919472637		21199.788439588796
[1,2,6,9]		21114.30734410379		21199.788439588796
[1,2,7,8]		21542.27267066834		21199.788439588796
[1,2,7,9]		20765.96134926696		21199.788439588796
[1,2,8,9]		21317.76274414647		21199.788439588796
[1,3,4,5]		21807.810762670393		21199.788439588796
[1,3,4,6]		25116.42058121408		21199.788439588796
[1,3,4,7]		25000.1139924247		21199.788439588796
[1,3,4,8]		22332.373596419005		21199.788439588796
[1,3,4,9]		21325.69599039825		21199.788439588796
[1,3,5,6]		22653.4493158651		21199.788439588796
[1,3,5,7]		22300.865027603068		21199.788439588796
[1,3,5,8]		21751.614350117572		21199.788439588796
[1,3,5,9]		21513.975576634337		21199.788439588796
[1,3,6,7]		25297.329971053936		21199.788439588796
[1,3,6,8]		22960.254758122443		21199.788439588796
[1,3,6,9]		21904.260755447744		21199.788439588796
[1,3,7,8]		22747.929662568396		21199.788439588796
[1,3,7,9]		21766.891447570768		21199.788439588796
[1,3,8,9]		22121.710241530596		21199.788439588796
[1,4,5,6]		23193.4698459323		21199.788439588796
[1,4,5,7]		22033.99596104207		21199.788439588796
[1,4,5,8]		22253.181858208623		21199.788439588796
[1,4,5,9]		22109.49675398589		21199.788439588796
[1,4,6,7]		28795.873910730683		21199.788439588796
[1,4,6,8]		26984.014195235417		21199.788439588796
[1,4,6,9]		24744.035586429643		21199.788439588796
[1,4,7,8]		23874.7185390661		21199.788439588796
[1,4,7,9]		22479.820843025842		21199.788439588796
[1,4,8,9]		24773.315087589664		21199.788439588796
[1,5,6,7]		22567.337269539967		21199.788439588796
[1,5,6,8]		23409.49539319351		21199.788439588796
[1,5,6,9]		23088.048140323765		21199.788439588796
[1,5,7,8]		21761.51388813311		21199.788439588796
[1,5,7,9]		21625.016600796855		21199.788439588796
[1,5,8,9]		23393.58367055204		21199.788439588796
[1,6,7,8]		24334.738737029686		21199.788439588796
[1,6,7,9]		22901.921682660533		21199.788439588796
[1,6,8,9]		25949.41014626713		21199.788439588796
[1,7,8,9]		23098.73935498272		21199.788439588796
[2,3,4,5]		23126.573354208627		21199.788439588796
[2,3,4,6]		23534.555219878006		21199.788439588796
[2,3,4,7]		24706.199476745078		21199.788439588796
[2,3,4,8]		22751.74173740113		21199.788439588796
[2,3,4,9]		22008.6608758226		21199.788439588796
[2,3,5,6]		22142.763076646905		21199.788439588796
[2,3,5,7]		25669.158814418155		21199.788439588796
[2,3,5,8]		26364.153256804522		21199.788439588796
[2,3,5,9]		26117.30190856149		21199.788439588796
[2,3,6,7]		24018.20582502068		21199.788439588796
[2,3,6,8]		21958.10905668124		21199.788439588796
[2,3,6,9]		21062.82548570821		21199.788439588796
[2,3,7,8]		25375.055969836732		21199.788439588796
[2,3,7,9]		24583.345911233995		21199.788439588796
[2,3,8,9]		26242.28494363618		21199.788439588796
[2,4,5,6]		21859.187214231668		21199.788439588796
[2,4,5,7]		22883.983535535543		21199.788439588796
[2,4,5,8]		22487.37890812794		21199.788439588796
[2,4,5,9]		22320.6495134489		21199.788439588796
[2,4,6,7]		23456.922439987593		21199.788439588796
[2,4,6,8]		21602.331755087784		21199.788439588796
[2,4,6,9]		20794.885861237002		21199.788439588796
[2,4,7,8]		22509.787906894086		21199.788439588796
[2,4,7,9]		21805.920444401396		21199.788439588796
[2,4,8,9]		22362.51711068309		21199.788439588796
[2,5,6,7]		21986.4490267004		21199.788439588796
[2,5,6,8]		21631.155667189247		21199.788439588796
[2,5,6,9]		21418.663727377836		21199.788439588796
[2,5,7,8]		24789.27401026834		21199.788439588796
[2,5,7,9]		24623.44616044094		21199.788439588796
[2,5,8,9]		26643.09317962062		21199.788439588796
[2,6,7,8]		21791.070622822852		21199.788439588796
[2,6,7,9]		20946.36082301359		21199.788439588796
[2,6,8,9]		21547.59779868515		21199.788439588796
[2,7,8,9]		24703.096127380646		21199.788439588796
[3,4,5,6]		22248.714618804694		21199.788439588796
[3,4,5,7]		23570.82785788007		21199.788439588796
[3,4,5,8]		22961.48230642117		21199.788439588796
[3,4,5,9]		22709.409331736515		21199.788439588796
[3,4,6,7]		25390.57946685907		21199.788439588796
[3,4,6,8]		22752.226293995183		21199.788439588796
[3,4,6,9]		21667.56158860518		21199.788439588796
[3,4,7,8]		24087.935188897838		21199.788439588796
[3,4,7,9]		23176.204859243357		21199.788439588796
[3,4,8,9]		23470.368162716295		21199.788439588796
[3,5,6,7]		22667.116744650786		21199.788439588796
[3,5,6,8]		22133.37957850546		21199.788439588796
[3,5,6,9]		21786.001839966913		21199.788439588796
[3,5,7,8]		25604.22037852475		21199.788439588796
[3,5,7,9]		25339.223800256008		21199.788439588796
[3,5,8,9]		27462.57275791092		21199.788439588796
[3,6,7,8]		23093.130221057992		21199.788439588796
[3,6,7,9]		22034.104906691107		21199.788439588796
[3,6,8,9]		22446.513179247802		21199.788439588796
[3,7,8,9]		26077.843066330282		21199.788439588796
[4,5,6,7]		22465.547867543508		21199.788439588796
[4,5,6,8]		22705.397875661227		21199.788439588796
[4,5,6,9]		22451.973806383186		21199.788439588796
[4,5,7,8]		23131.970172571484		21199.788439588796
[4,5,7,9]		22932.388077922522		21199.788439588796
[4,5,8,9]		24842.100364504917		21199.788439588796
[4,6,7,8]		24290.32200872106		21199.788439588796
[4,6,7,9]		22812.334491599904		21199.788439588796
[4,6,8,9]		25281.889904315056		21199.788439588796
[4,7,8,9]		24564.63672615129		21199.788439588796
[5,6,7,8]		22133.92716688813		21199.788439588796
[5,6,7,9]		21887.690914496565		21199.788439588796
[5,6,8,9]		23776.019923472933		21199.788439588796
[5,7,8,9]		25964.26680052711		21199.788439588796
[6,7,8,9]		23414.19034306706		21199.788439588796
elapsed time: 2021ms